6.901733279228210449e-01
6.791459321975708008e-01
6.630236506462097168e-01
6.544040441513061523e-01
6.350302696228027344e-01
6.200370192527770996e-01
5.890969038009643555e-01
5.590146780014038086e-01
5.022066235542297363e-01
4.320059418678283691e-01
3.805365264415740967e-01
4.864969551563262939e-01
2.713250517845153809e-01
3.451623022556304932e-01
2.076211869716644287e-01
2.668979465961456299e-01
1.228770092129707336e-01
2.104137986898422241e-01
7.906065881252288818e-02
9.716359525918960571e-02
8.283787220716476440e-02
2.425490319728851318e-02
3.782741352915763855e-02
3.678731247782707214e-02
7.847909815609455109e-03
4.342772997915744781e-03
7.482976652681827545e-03
1.101013831794261932e-02
7.600242737680673599e-03
2.754859393462538719e-03
8.076378726400434971e-04
2.649828675203025341e-04
1.442321663489565253e-04
1.478908379795029759e-04
2.023146225837990642e-04
2.902522683143615723e-04
3.991923003923147917e-04
5.034893983975052834e-04
5.652668187394738197e-04
5.566336330957710743e-04
4.830970719922333956e-04
3.781308478210121393e-04
2.753963635768741369e-04
1.919484202517196536e-04
1.311943196924403310e-04
8.959339902503415942e-05
6.136725278338417411e-05
4.229820115142501891e-05
2.935757584054954350e-05
2.055411823675967753e-05
1.456007703382056206e-05
1.040501865645637736e-05
7.493024895666167140e-06
5.449498075904557481e-06
4.019017524115042761e-06
2.997240244440035895e-06
2.281993602082366124e-06
1.737042225613549817e-06
1.345357532045454718e-06
1.072880763786088210e-06
8.514931550962501206e-07
6.982247100495442282e-07
5.790157615592761431e-07
4.938664801557024475e-07
4.087171987521287519e-07
3.746575032437249320e-07
3.405977793136116816e-07
2.895081081533135148e-07
2.554483558014908340e-07
2.554483842232002644e-07
2.384184796255794936e-07
2.213886176605228684e-07
2.384184938364342088e-07
2.384185080472889240e-07
2.384185080472889240e-07
2.043587130629020976e-07
2.213886176605228684e-07
2.213886176605228684e-07
2.043587130629020976e-07
2.043587130629020976e-07
2.043587130629020976e-07
2.043587130629020976e-07
2.043587130629020976e-07
2.043587130629020976e-07
2.043587130629020976e-07
2.043587130629020976e-07
2.043587130629020976e-07
2.043587130629020976e-07
2.043587130629020976e-07
2.043587130629020976e-07
2.043587130629020976e-07
2.043587130629020976e-07
1.873288226761360420e-07
1.873288226761360420e-07
1.873288226761360420e-07
1.873288226761360420e-07
1.873288226761360420e-07
1.873288226761360420e-07
1.873288226761360420e-07
1.873288226761360420e-07
1.873288226761360420e-07
1.873288226761360420e-07
1.873288226761360420e-07
1.873288226761360420e-07
1.702989465002247016e-07
1.702989465002247016e-07
1.702989465002247016e-07
1.702989465002247016e-07
1.702989465002247016e-07
1.702989465002247016e-07
1.702989465002247016e-07
1.702989465002247016e-07
1.702989465002247016e-07
1.702989465002247016e-07
1.532690561134586460e-07
1.532690561134586460e-07
1.532690561134586460e-07
1.532690561134586460e-07
1.532690561134586460e-07
1.532690561134586460e-07
1.532690561134586460e-07
1.532690561134586460e-07
1.362391515158378752e-07
1.362391515158378752e-07
1.362391515158378752e-07
1.362391515158378752e-07
1.192092682344991772e-07
1.192092682344991772e-07
1.192092682344991772e-07
1.192092682344991772e-07
1.192092682344991772e-07
1.192092682344991772e-07
1.192092682344991772e-07
1.192092682344991772e-07
1.192092682344991772e-07
1.192092682344991772e-07
1.192092682344991772e-07
1.192092682344991772e-07
1.192092682344991772e-07
1.192092682344991772e-07
1.192092682344991772e-07
1.192092682344991772e-07
1.192092682344991772e-07
1.192092682344991772e-07
1.192092682344991772e-07
1.192092682344991772e-07
1.192092682344991772e-07
1.021793778477331216e-07
1.021793778477331216e-07
1.021793778477331216e-07
1.021793778477331216e-07
1.021793778477331216e-07
1.021793778477331216e-07
1.021793778477331216e-07
1.021793778477331216e-07
1.021793778477331216e-07
1.021793778477331216e-07
1.021793778477331216e-07
1.021793778477331216e-07
1.021793778477331216e-07
1.021793778477331216e-07
1.021793778477331216e-07
1.021793778477331216e-07
1.021793778477331216e-07
1.021793778477331216e-07
1.021793778477331216e-07
1.021793778477331216e-07
1.021793778477331216e-07
1.021793778477331216e-07
1.021793778477331216e-07
1.021793778477331216e-07
1.021793778477331216e-07
1.021793778477331216e-07
1.021793778477331216e-07
1.021793778477331216e-07
1.021793778477331216e-07
1.021793778477331216e-07
1.021793778477331216e-07
1.021793778477331216e-07
1.021793778477331216e-07
1.021793778477331216e-07
1.021793778477331216e-07
1.021793778477331216e-07
1.021793778477331216e-07
1.021793778477331216e-07
1.021793778477331216e-07
1.021793778477331216e-07
1.021793778477331216e-07
1.021793778477331216e-07
1.021793778477331216e-07
1.021793778477331216e-07
1.021793778477331216e-07
1.021793778477331216e-07
8.514947325011235080e-08
8.514947325011235080e-08
8.514947325011235080e-08
8.514947325011235080e-08
8.514947325011235080e-08
8.514947325011235080e-08
8.514947325011235080e-08
